beta <- 0.02
N <- 1000
i0 <- 2
effprop <- 0.8
reporting <- 0.8
N0 <- N*effprop

zerohack <- 0.001
numobs <- 10

iterations=8000

seed=3